10
50
0 1 56.782 94.971
0 2 7.659 10.339
0 3 80.02 83.714
0 4 77.921 21.802
0 5 88.237 7.312
0 6 36.312 5.958
0 7 97.006 68.554
0 8 42.666 58.05
0 9 43.843 37.485
1 2 88.532 47.017
1 3 81.461 16.694
1 4 78.702 51.26
1 5 56.668 61.39
1 6 13.432 13.891
1 7 48.096 22.341
1 8 53.091 65.312
1 9 88.822 22.105
2 3 69.304 70.627
2 4 67.926 9.771
2 5 0.454 26.78
2 6 19.101 97.49
2 7 88.389 56.662
2 8 3.368 77.426
2 9 42.72 38.545
3 4 52.824 8.688
3 5 45.938 14.376
3 6 99.385 79.332
3 7 93.336 9.533
3 8 67.963 91.137
3 9 85.436 11.924
4 5 13.111 11.739
4 6 10.372 54.178
4 7 96.928 18.531
4 8 5.157 49.005
4 9 13.971 42.223
5 6 15.848 50.167
5 7 40.971 43.522
5 8 79.175 77.768
5 9 7.973 55.575
6 7 18.215 83.17
6 8 82.045 58.315
6 9 67.353 3.365
7 8 66.079 72.157
7 9 52.917 88.927
8 9 45.142 92.29
