15
70
0 1 79.626 28.695
0 2 51.551 67.233
0 3 77.877 82.066
0 4 53.368 55.511
0 5 14.501 83.164
0 6 26.341 37.027
0 7 67.812 5.565
0 8 54.129 88.426
0 9 1.591 12.215
0 10 88.826 35.361
0 11 63.892 10.815
0 12 48.361 56.026
0 13 68.231 11.179
0 14 53.174 22.6
1 2 79.429 60.685
1 3 57.81 42.864
1 4 87.171 42.074
1 5 4.762 55.299
1 6 59.409 4.979
1 7 27.74 75.124
1 8 40.383 68.208
1 9 14.527 41.214
1 10 57.128 58.477
1 11 27.947 87.952
1 12 29.682 25.863
1 13 21.954 29.397
1 14 98.926 73.088
2 3 87.006 45.22
2 4 72.623 40.055
2 5 60.34 39.635
2 6 39.621 93.602
2 7 12.976 17.23
2 8 45.059 33.097
2 9 99.46 43.767
2 10 7.829 89.939
2 11 44.644 64.987
2 12 79.197 91.181
2 13 14.041 99.835
2 14 61.016 11.762
3 4 83.001 81.351
3 5 72.306 73.335
3 6 88.516 85.085
3 7 6.141 75.755
3 8 18.496 45.431
3 9 11.434 13.929
3 10 82.685 21.861
3 11 5.292 37.289
3 12 18.424 90.156
3 13 31.83 90.393
3 14 10.088 15.929
4 5 99.486 1.377
4 6 41.351 66.142
4 7 53.147 2.718
4 8 35.028 58.281
4 9 7.397 49.555
4 10 23.463 22.942
4 11 46.054 20.24
4 12 34.392 95.563
4 13 93.109 60.966
4 14 82.011 2.067
5 6 72.918 50.281
5 7 88.842 57.39
5 8 36.064 69.987
5 9 82.617 71.993
5 10 28.899 47.348
5 11 31.063 79.056
5 12 12.271 60.312
5 13 14.184 46.262
5 14 31.222 27.723
6 7 46.483 23.07
6 8 56.941 5.495
6 9 34.485 50.224
6 10 82.375 14.148
6 11 54.584 95.136
6 12 76.03 18.906
6 13 8.237 93.157
6 14 8.333 10.743
7 8 88.708 59.919
7 9 99.346 66.139
7 10 23.708 20.612
7 11 55.644 67.1
7 12 94.013 18.01
7 13 13.409 62.588
7 14 9.741 57.942
8 9 95.88 86.695
8 10 25.381 31.35
8 11 41.758 68.617
8 12 23.445 14.452
8 13 4.136 14.556
8 14 19.122 29.657
9 10 25.466 95.34
9 11 42.056 20.221
9 12 93.586 14.564
9 13 0.123 2.095
9 14 74.215 11.259
10 11 23.626 11.865
10 12 48.46 2.699
10 13 76.898 13.253
10 14 67.592 34.795
11 12 59.203 86.468
11 13 75.07 6.319
11 14 42.6 71.039
12 13 74.528 71.775
12 14 89.42 88.8
13 14 75.368 42.888
