20
99.5
0 1 61.489 1.941
0 2 68.597 2.916
0 3 95.272 2.297
0 4 67.677 2.936
0 5 61.477 19.912
0 6 60.92 20.469
0 7 61.301 20.088
0 8 60.918 20.471
0 9 61.018 20.371
0 10 61.191 20.198
0 11 60.926 20.463
0 12 60.755 20.634
0 13 60.904 20.485
0 14 61.486 19.903
0 15 61.019 20.37
0 16 60.607 20.782
0 17 60.812 20.577
0 18 61.36 20.029
0 19 61.134 20.255
1 2 87.943 2.42
1 3 75.376 1.186
1 4 65.675 1.133
1 5 60.497 20.892
1 6 60.515 20.874
1 7 61.427 19.962
1 8 60.657 20.732
1 9 61.289 20.1
1 10 61.03 20.359
1 11 60.737 20.652
1 12 61.157 20.232
1 13 60.791 20.598
1 14 60.788 20.601
1 15 61.396 19.993
1 16 61.298 20.091
1 17 60.766 20.623
1 18 60.782 20.607
1 19 61.327 20.062
2 3 64.481 2.099
2 4 95.935 1.448
2 5 61.474 19.915
2 6 61.069 20.32
2 7 61.463 19.926
2 8 60.786 20.603
2 9 60.928 20.461
2 10 61.078 20.311
2 11 60.851 20.538
2 12 61.311 20.078
2 13 60.642 20.747
2 14 60.682 20.707
2 15 60.521 20.868
2 16 60.966 20.423
2 17 61.09 20.299
2 18 61.218 20.171
2 19 61.021 20.368
3 4 63.802 1.074
3 5 61.439 19.95
3 6 61.011 20.378
3 7 60.924 20.465
3 8 60.555 20.834
3 9 60.905 20.484
3 10 61.036 20.353
3 11 60.795 20.594
3 12 61.005 20.384
3 13 61.15 20.239
3 14 61.228 20.161
3 15 61.293 20.096
3 16 60.726 20.663
3 17 61.327 20.062
3 18 60.963 20.426
3 19 61.312 20.077
4 5 61.048 20.341
4 6 60.571 20.818
4 7 60.829 20.56
4 8 61.053 20.336
4 9 61.2 20.189
4 10 60.735 20.654
4 11 61.287 20.102
4 12 60.774 20.615
4 13 61.192 20.197
4 14 61.266 20.123
4 15 61.012 20.377
4 16 61.44 19.949
4 17 60.674 20.715
4 18 61.335 20.054
4 19 60.505 20.884
5 6 inf 20.717
5 7 inf 20.346
5 8 inf 20.2
5 9 inf 20.708
5 10 inf 20.448
5 11 inf 20.44
5 12 inf 20.267
5 13 inf 20.125
5 14 inf 20.333
5 15 inf 20.424
5 16 inf 20.704
5 17 inf 20.524
5 18 inf 20.815
5 19 inf 19.915
6 7 79.252 19.808
6 8 78.498 20.654
6 9 79.132 20.02
6 10 78.391 20.761
6 11 78.568 20.584
6 12 78.701 20.451
6 13 79.098 20.054
6 14 79.004 20.148
6 15 79.168 19.984
6 16 78.551 20.601
6 17 78.679 20.473
6 18 78.86 20.292
6 19 78.837 20.315
7 8 78.316 20.836
7 9 79.12 20.032
7 10 79.103 20.049
7 11 78.602 20.55
7 12 78.382 20.77
7 13 79.162 19.99
7 14 78.574 20.578
7 15 78.38 20.772
7 16 78.875 20.277
7 17 79.032 20.12
7 18 78.534 20.618
7 19 79.136 20.016
8 9 74.91 19.86
8 10 74.437 20.373
8 11 74.587 20.223
8 12 74.145 20.665
8 13 74.273 20.537
8 14 74.014 20.796
8 15 74.448 20.362
8 16 74.543 20.267
8 17 74.644 20.166
8 18 74.009 20.801
8 19 74.215 20.595
9 10 74.418 20.392
9 11 73.96 20.85
9 12 73.998 20.812
9 13 74.367 20.443
9 14 74.632 20.178
9 15 74.472 20.338
9 16 74.121 20.689
9 17 74.884 19.926
9 18 74.598 20.212
9 19 73.921 20.889
10 11 96.118 0.204
10 12 70.582 0.533
10 13 72.85 0.58
10 14 59.112 0.632
10 15 86.835 0.497
10 16 57.928 0.326
10 17 89.607 0.255
10 18 66.832 0.3
10 19 62.134 0.521
11 12 51.934 0.531
11 13 83.425 0.304
11 14 53.933 0.533
11 15 67.506 0.376
11 16 71.46 0.371
11 17 94.633 0.357
11 18 55.291 0.364
11 19 66.354 0.145
12 13 97.405 0.243
12 14 59.733 0.461
12 15 81.546 0.296
12 16 99.731 0.291
12 17 90.316 0.324
12 18 74.994 0.616
12 19 88.217 0.469
13 14 84.669 0.288
13 15 64.801 0.283
13 16 73.977 0.434
13 17 70.646 0.521
13 18 52.811 0.484
13 19 71.314 0.156
14 15 89.956 0.502
14 16 66.118 0.245
14 17 50.984 0.54
14 18 73.952 0.361
14 19 91.605 0.385
15 16 64.72 0.229
15 17 74.768 0.39
15 18 62.414 0.205
15 19 92.404 0.436
16 17 91.116 0.54
16 18 61.311 0.549
16 19 65.264 0.353
17 18 64.984 0.236
17 19 72.095 0.27
18 19 81.652 0.526