50
2000
0 1 82.791 49.465
0 2 86.886 45.926
0 3 75.342 35.97
0 4 29.592 72.203
0 5 31.752 64.777
0 6 73.569 82.646
0 7 86.171 71.525
0 8 38.739 80.097
0 9 98.613 85.193
0 10 7.161 89.807
0 11 48.318 28.355
0 12 35.682 54.127
0 13 61.368 24.254
0 14 95.215 6.265
0 15 23.45 57.717
0 16 6.047 53.703
0 17 18.483 8.945
0 18 93.947 38.328
0 19 8.6 68.323
0 20 83.001 95.318
0 21 53.642 63.943
0 22 9.306 65.836
0 23 35.381 34.692
0 24 97.747 74.399
0 25 80.327 98.74
0 26 42.766 40.191
0 27 89.247 98.597
0 28 54.25 82.947
0 29 50.555 74.322
0 30 60.131 16.751
0 31 72.88 96.592
0 32 32.269 90.296
0 33 91.899 51.358
0 34 19.196 94.447
0 35 67.027 83.294
0 36 78.405 4.712
0 37 4.235 47.989
0 38 99.419 60.189
0 39 2.235 53.418
0 40 52.332 70.456
0 41 92.587 48.535
0 42 84.652 21.564
0 43 63.126 11.429
0 44 59.371 7.213
0 45 96.513 74.691
0 46 27.318 36.691
0 47 94.465 75.186
0 48 68.434 13.236
0 49 28.504 12.454
1 2 73.735 53.272
1 3 31.985 49.095
1 4 16.724 39.586
1 5 87.059 4.112
1 6 47.901 81.992
1 7 81.963 86.304
1 8 14.538 36.884
1 9 34.449 45.889
1 10 89.463 34.475
1 11 17.931 94.328
1 12 30.428 54.442
1 13 96.96 16.496
1 14 35.832 83.672
1 15 15.186 56.261
1 16 90.967 42.824
1 17 82.766 79.874
1 18 2.441 75.012
1 19 7.125 70.542
1 20 78.102 19.082
1 21 66.194 75.531
1 22 42.892 81.633
1 23 43.707 86.687
1 24 32.876 36.273
1 25 24.645 15.366
1 26 51.594 58.875
1 27 83.835 13.17
1 28 68.478 38.391
1 29 64.992 37.624
1 30 65.711 16.52
1 31 79.68 74.763
1 32 13.873 53.113
1 33 83.84 40.323
1 34 50.842 89.378
1 35 36.364 55.514
1 36 12.925 31.909
1 37 91.779 39.026
1 38 6.668 31.979
1 39 5.537 81.279
1 40 6.649 64.95
1 41 20.114 34.966
1 42 73.598 45.139
1 43 61.769 15.957
1 44 58.807 86.659
1 45 56.777 89.126
1 46 91.336 43.59
1 47 22.052 62.217
1 48 17.654 39.362
1 49 59.83 86.753
2 3 14.17 9.935
2 4 42.255 9.085
2 5 41.259 49.231
2 6 41.768 52.966
2 7 6.021 51.336
2 8 17.743 33.853
2 9 11.437 39.826
2 10 8.486 78.196
2 11 90.974 33.309
2 12 29.352 57.373
2 13 2.99 24.27
2 14 45.289 7.063
2 15 9.895 96.858
2 16 72.851 20.894
2 17 24.874 2.126
2 18 44.92 97.362
2 19 46.292 75.597
2 20 52.49 52.46
2 21 14.14 22.454
2 22 28.382 67.196
2 23 21.455 0.492
2 24 83.362 72.916
2 25 73.365 90.242
2 26 88.13 74.435
2 27 51.296 61.298
2 28 91.261 91.89
2 29 95.674 16.633
2 30 56.082 1.056
2 31 25.335 70.864
2 32 94.592 28.613
2 33 5.883 59.649
2 34 39.135 78.713
2 35 97.496 49.744
2 36 81.787 81.947
2 37 36.43 35.29
2 38 93.337 89.338
2 39 28.782 70.88
2 40 99.937 56.388
2 41 70.05 51.298
2 42 48.572 56.053
2 43 48.236 75.493
2 44 94.413 9.453
2 45 59.048 23.474
2 46 90.74 49.746
2 47 39.27 66.301
2 48 97.225 93.852
2 49 98.933 2.149
3 4 45.886 30.286
3 5 58.635 34.508
3 6 56.993 2.221
3 7 83.63 74.731
3 8 15.993 56.825
3 9 23.708 24.744
3 10 60.732 6.415
3 11 86.807 27.245
3 12 49.519 50.084
3 13 71.85 76.916
3 14 37.134 87.101
3 15 99.542 91.782
3 16 72.383 13.117
3 17 90.659 57.566
3 18 18.639 32.954
3 19 46.307 24.8
3 20 36.735 86.266
3 21 48.767 11.831
3 22 80.616 3.045
3 23 57.613 27.176
3 24 69.408 10.744
3 25 47.093 43.292
3 26 97.175 67.537
3 27 68.82 5.725
3 28 89.029 48.904
3 29 69.522 81.951
3 30 81.757 22.97
3 31 16.438 65.235
3 32 76.813 97.41
3 33 98.864 23.372
3 34 46.104 84.018
3 35 30.553 74.402
3 36 98.386 58.276
3 37 34.475 75.399
3 38 1.805 67.683
3 39 97.735 65.5
3 40 36.437 23.555
3 41 14.935 27.583
3 42 66.319 44.909
3 43 15.684 44.479
3 44 32.807 49.507
3 45 85.252 29.543
3 46 85.555 0.89
3 47 94.05 23.021
3 48 84.801 58.111
3 49 80.385 93.078
4 5 6.261 83.605
4 6 56.125 33.082
4 7 37.338 48.623
4 8 91.642 65.633
4 9 9.502 94.638
4 10 65.512 42.26
4 11 83.691 84.251
4 12 75.241 28.996
4 13 88.298 34.8
4 14 42.485 44.598
4 15 2.278 67.22
4 16 0.193 98.764
4 17 51.583 24.941
4 18 32.224 93.556
4 19 77.352 97.496
4 20 11.472 3.027
4 21 30.736 82.78
4 22 48.122 33.169
4 23 55.032 16.982
4 24 41.334 94.573
4 25 26.812 4.572
4 26 81.105 30.243
4 27 86.005 60.225
4 28 79.199 17.09
4 29 22.318 51.33
4 30 42.083 98.766
4 31 29.01 62.065
4 32 83.864 72.572
4 33 89.727 74.071
4 34 18.732 88.474
4 35 18.26 58.567
4 36 16.958 5.019
4 37 98.359 27.893
4 38 10.579 63.385
4 39 73.065 70.995
4 40 68.063 92.97
4 41 60.907 18.203
4 42 20.543 88.982
4 43 15.857 45.478
4 44 47.55 28.623
4 45 23.52 34.519
4 46 45.719 76.478
4 47 47.297 2.486
4 48 69.599 92.552
4 49 36.43 96.445
5 6 75.637 21.689
5 7 47.867 46.834
5 8 21.832 12.678
5 9 26.76 80.277
5 10 90.043 98.626
5 11 20.698 4.157
5 12 20.015 38.414
5 13 67.659 85.363
5 14 7.59 3.3
5 15 21.903 22.266
5 16 42.35 90.66
5 17 27.944 18.465
5 18 90.621 10.234
5 19 19.665 61.535
5 20 24.389 5.894
5 21 53.375 31.707
5 22 5.439 24.682
5 23 81.945 66.892
5 24 61.179 64.106
5 25 5.631 20.284
5 26 27.199 45.354
5 27 9.733 74.536
5 28 34.391 81.795
5 29 29.257 17.298
5 30 52.982 11.517
5 31 34.403 85.786
5 32 17.408 99.658
5 33 20.989 31.976
5 34 56.896 79.247
5 35 97.751 40.515
5 36 39.984 61.326
5 37 17.25 69.205
5 38 69.93 34.549
5 39 77.458 2.863
5 40 82.558 58.449
5 41 36.86 18.811
5 42 86.572 12.255
5 43 13.336 6.275
5 44 40.331 10.58
5 45 43.531 22.893
5 46 94.907 6.382
5 47 94.467 50.911
5 48 30.827 68.022
5 49 70.48 4.881
6 7 71.992 32.37
6 8 88.141 89.564
6 9 53.224 50.224
6 10 45.584 5.9
6 11 58.404 97.479
6 12 71.43 23.359
6 13 73.056 35.834
6 14 99.852 24.465
6 15 87.182 72.171
6 16 39.314 0.515
6 17 85.069 19.841
6 18 59.273 61.808
6 19 14.69 50.987
6 20 74.781 13.813
6 21 18.65 78.162
6 22 49.059 26.579
6 23 71.114 69.393
6 24 60.077 59.512
6 25 90.224 14.864
6 26 49.346 82.82
6 27 96.265 18.631
6 28 8.33 32.943
6 29 78.347 7.224
6 30 27.666 63.254
6 31 22.069 50.985
6 32 60.653 45.174
6 33 34.554 54.009
6 34 11.944 73.343
6 35 87.434 10.067
6 36 80.224 72.656
6 37 56.16 38.028
6 38 52.561 73.12
6 39 8.691 2.612
6 40 98.689 86.35
6 41 36.577 73.071
6 42 81.19 9.352
6 43 15.36 9.008
6 44 71.238 65.766
6 45 88.817 14.621
6 46 78.771 62.532
6 47 39.895 26.224
6 48 27.211 13.332
6 49 80.687 53.368
7 8 70.664 70.659
7 9 40.52 4.829
7 10 38.607 76.083
7 11 17.288 10.769
7 12 49.24 15.591
7 13 89.735 59.504
7 14 80.705 95.894
7 15 11.203 46.804
7 16 38.292 88.751
7 17 9.652 73.004
7 18 57.555 52.005
7 19 63.19 45.331
7 20 11.814 32.779
7 21 7.111 80.619
7 22 87.692 81.396
7 23 3.277 24.503
7 24 6.74 8.401
7 25 52.482 62.587
7 26 21.071 2.001
7 27 84.373 20.784
7 28 17.305 81.45
7 29 24.597 18.713
7 30 16.58 79.02
7 31 6.428 49.335
7 32 10.808 39.51
7 33 97.284 86.968
7 34 34.025 87.165
7 35 62.304 83.573
7 36 29.931 0.545
7 37 48.615 48.559
7 38 46.971 70.666
7 39 66.474 42.86
7 40 49.077 82.596
7 41 68.089 48.499
7 42 87.497 86.215
7 43 47.003 10.454
7 44 65.329 77.113
7 45 6.737 38.193
7 46 7.504 63.839
7 47 88.741 2.857
7 48 4.779 67.213
7 49 6.339 88.753
8 9 23.805 53.318
8 10 32.17 35.926
8 11 31.41 38.015
8 12 34.076 38.211
8 13 74.481 85.216
8 14 52.623 42.039
8 15 45.925 41.425
8 16 69.533 64.947
8 17 93.152 59.339
8 18 39.281 96.939
8 19 3.695 19.712
8 20 22.874 31.207
8 21 55.541 56.36
8 22 62.556 91.294
8 23 92.431 91.667
8 24 94.901 5.998
8 25 66.433 36.378
8 26 35.048 73.362
8 27 97.239 40.219
8 28 22.255 82.072
8 29 51.985 71.915
8 30 20.801 82.834
8 31 25.882 74.885
8 32 30.736 58.962
8 33 0.291 77.307
8 34 97.165 25.439
8 35 39.658 14.955
8 36 40.622 62.107
8 37 30.53 3.341
8 38 8.017 22.017
8 39 31.811 4.784
8 40 26.252 25.455
8 41 57.511 68.917
8 42 95.748 82.597
8 43 86.433 7.848
8 44 18.524 98.162
8 45 82.266 4.289
8 46 21.957 96.159
8 47 46.835 48.652
8 48 33.645 78.582
8 49 50.674 99.951
9 10 47.417 91.176
9 11 70.69 42.794
9 12 77.818 45.129
9 13 98.681 11.866
9 14 94.788 82.874
9 15 83.453 85.673
9 16 86.732 47.426
9 17 49.695 6.785
9 18 23.185 16.839
9 19 19.034 26.769
9 20 95.278 38.364
9 21 74.018 45.747
9 22 66.778 84.276
9 23 42.22 94.534
9 24 53.509 6.982
9 25 92.542 1.472
9 26 5.507 37.782
9 27 93.237 48.658
9 28 27.325 28.531
9 29 99.365 55.191
9 30 10.825 89.82
9 31 8.878 70.085
9 32 22.889 17.611
9 33 75.002 46.642
9 34 23.433 82.068
9 35 68.234 22.502
9 36 19.034 12.6
9 37 12.098 0.399
9 38 89.848 60.319
9 39 69.121 54.768
9 40 32.956 53.084
9 41 35.641 9.966
9 42 68.462 74.341
9 43 97.496 17.733
9 44 4.764 45.034
9 45 23.325 47.405
9 46 81.878 62.989
9 47 86.884 94.629
9 48 9.834 34.38
9 49 86.171 49.392
10 11 23.757 41.352
10 12 80.303 23.852
10 13 60.328 58.631
10 14 62.038 0.693
10 15 71.276 89.323
10 16 11.193 6.224
10 17 23.942 16.02
10 18 71.942 90.701
10 19 31.309 46.444
10 20 44.152 91.675
10 21 33.765 44.144
10 22 49.5 13.598
10 23 13.367 14.112
10 24 40.07 22.473
10 25 80.055 78.32
10 26 17.964 43.762
10 27 20.282 34.625
10 28 89.532 26.341
10 29 79.505 75.823
10 30 2.107 53.927
10 31 83.13 72.163
10 32 31.658 40.438
10 33 72.527 84.952
10 34 7.476 67.134
10 35 19.221 34.722
10 36 80.85 68.033
10 37 67.213 79.697
10 38 90.194 57.827
10 39 31.648 79.399
10 40 46.213 85.885
10 41 26.99 7.056
10 42 39.214 33.307
10 43 12.281 47.033
10 44 80.519 45.509
10 45 25.839 82.599
10 46 31.087 27.848
10 47 71.484 23.243
10 48 43.257 21.103
10 49 87.16 71.271
11 12 52.605 89.347
11 13 0.089 32.711
11 14 97.295 44.004
11 15 86.271 52.777
11 16 55.133 26.215
11 17 71.468 6.347
11 18 15.017 28.106
11 19 45.3 77.355
11 20 21.066 40.384
11 21 83.65 76.489
11 22 74.157 91.605
11 23 44.112 8.091
11 24 55.602 4.324
11 25 45.6 84.262
11 26 15.394 33.287
11 27 83.438 60.041
11 28 54.289 85.648
11 29 29.581 64.241
11 30 34.553 22.992
11 31 61.253 85.487
11 32 45.94 35.731
11 33 29.269 20.109
11 34 79.532 80.686
11 35 15.084 36.848
11 36 79.96 30.275
11 37 82.484 61.715
11 38 62.059 50.691
11 39 45.285 39.495
11 40 46.213 81.156
11 41 35.984 46.377
11 42 52.777 72.596
11 43 83.64 82.374
11 44 45.906 10.235
11 45 48.2 38.035
11 46 93.31 36.7
11 47 48.783 45.095
11 48 34.665 91.643
11 49 10.407 35.099
12 13 17.935 3.21
12 14 95.515 18.858
12 15 2.257 59.882
12 16 54.865 98.535
12 17 95.798 16.995
12 18 69.768 18.373
12 19 54.29 73.285
12 20 86.419 50.172
12 21 49.049 41.916
12 22 58.217 40.725
12 23 34.153 79.171
12 24 67.892 65.912
12 25 93.691 29.386
12 26 25.101 43.405
12 27 52.099 81.368
12 28 43.81 9.888
12 29 45.809 47.859
12 30 45.274 23.423
12 31 55.96 77.37
12 32 11.471 54.993
12 33 6.044 88.427
12 34 60.127 30.272
12 35 23.517 7.526
12 36 59.779 10.691
12 37 29.454 83.269
12 38 8.807 2.891
12 39 84.396 89.461
12 40 33.628 91.452
12 41 40.569 19.306
12 42 71.814 6.115
12 43 61.197 82.895
12 44 37.325 42.697
12 45 91.484 93.412
12 46 74.7 87.958
12 47 33.011 63.336
12 48 49.703 2.401
12 49 88.797 66.947
13 14 58.176 55.486
13 15 43.465 65.784
13 16 82.656 15.699
13 17 31.253 52.273
13 18 90.085 86.054
13 19 76.237 75.631
13 20 16.878 91.129
13 21 97.631 80.353
13 22 18.116 58.419
13 23 82.76 8.583
13 24 64.718 47.069
13 25 55.394 66.421
13 26 59.996 68.568
13 27 49.281 48.214
13 28 14.84 54.706
13 29 50.788 71.452
13 30 97.376 43.746
13 31 12.682 31.664
13 32 95.359 32.157
13 33 89.899 89.566
13 34 30.996 15.535
13 35 39.965 92.495
13 36 86.358 69.398
13 37 17.694 41.372
13 38 26.301 77.139
13 39 15.967 92.585
13 40 73.837 62.788
13 41 80.191 28.713
13 42 41.907 70.204
13 43 30.307 11.644
13 44 41.501 30.004
13 45 80.798 0.858
13 46 69.184 37.188
13 47 11.445 49.792
13 48 39.779 99.582
13 49 56.266 5.762
14 15 1.662 0.228
14 16 14.009 79.862
14 17 43.166 69.468
14 18 43.696 20.388
14 19 49.49 87.548
14 20 99.401 42.266
14 21 30.057 99.626
14 22 39.296 33.653
14 23 22.025 51.87
14 24 96.116 41.726
14 25 86.988 72.523
14 26 11.801 41.804
14 27 97.454 19.442
14 28 78.734 11.77
14 29 77.545 69.577
14 30 43.862 82.881
14 31 96.915 2.22
14 32 14.288 24.911
14 33 89.607 2.31
14 34 98.826 95.001
14 35 91.75 61.716
14 36 40.611 45.78
14 37 31.556 13.994
14 38 11.927 46.382
14 39 67.837 52.448
14 40 75.99 80.23
14 41 90.22 60.737
14 42 44.588 83.065
14 43 68.39 53.426
14 44 98.968 68.585
14 45 21.24 24.946
14 46 62.889 92.207
14 47 20.053 58.553
14 48 84.724 82.178
14 49 15.773 24.537
15 16 15.79 8.168
15 17 30.284 27.791
15 18 25.19 3.142
15 19 10.465 59.785
15 20 5.088 16.495
15 21 8.707 44.63
15 22 25.264 5.048
15 23 42.069 63.033
15 24 17.031 91.408
15 25 66.373 98.734
15 26 60.244 76.06
15 27 56.696 10.114
15 28 19.802 74.245
15 29 30.213 42.81
15 30 40.929 23.264
15 31 41.833 97.837
15 32 79.203 18.32
15 33 53.495 64.2
15 34 65.34 29.373
15 35 9.681 42.739
15 36 3.505 26.713
15 37 0.81 62.307
15 38 70.538 69.309
15 39 54.349 4.442
15 40 93.02 46.037
15 41 42.605 87.309
15 42 74.415 31.569
15 43 16.375 8.355
15 44 85.115 2.052
15 45 29.079 22.333
15 46 75.59 65.302
15 47 93.805 98.51
15 48 96.166 83.178
15 49 10.85 45.481
16 17 8.782 69.406
16 18 39.616 36.033
16 19 2.173 40.668
16 20 96.397 84.04
16 21 22.663 31.737
16 22 9.35 23.682
16 23 77.949 36.858
16 24 99.536 42.11
16 25 43.496 39.159
16 26 75.322 21.093
16 27 57.571 30.128
16 28 9.124 14.253
16 29 31.429 42.113
16 30 85.13 74.343
16 31 13.778 81.743
16 32 86.015 11.702
16 33 25.636 46.895
16 34 54.009 79.522
16 35 53.417 20.599
16 36 4.022 92.172
16 37 56.276 53.482
16 38 5.213 60.267
16 39 4.037 55.614
16 40 21.469 44.793
16 41 72.936 5.213
16 42 16.261 92.165
16 43 0.728 71.398
16 44 25.862 94.231
16 45 67.323 10.727
16 46 21.924 59.932
16 47 56.462 46.325
16 48 75.346 48.056
16 49 82.631 33.269
17 18 93.428 99.185
17 19 63.834 98.845
17 20 27.908 60.207
17 21 67.335 46.636
17 22 80.098 34.481
17 23 68.756 56.783
17 24 57.597 98.665
17 25 79.466 53.86
17 26 79.796 67.936
17 27 75.209 64.628
17 28 73.397 34.703
17 29 79.618 18.165
17 30 34.49 18.369
17 31 69.208 82.377
17 32 27.451 3.687
17 33 53.91 70.992
17 34 99.896 45.893
17 35 3.438 4.728
17 36 15.637 0.039
17 37 47.921 52.499
17 38 17.838 65.465
17 39 89.332 59.749
17 40 45.964 8.496
17 41 87.417 29.077
17 42 32.479 56.581
17 43 49.859 88.344
17 44 7.59 5.628
17 45 79.434 27.974
17 46 65.871 13.009
17 47 81.062 65.271
17 48 18.376 88.718
17 49 54.281 64.621
18 19 17.429 17.313
18 20 5.938 40.209
18 21 85.321 46.966
18 22 83.441 45.924
18 23 93.564 27.332
18 24 42.513 34.584
18 25 75.313 36.434
18 26 65.712 91.155
18 27 86.653 89.463
18 28 87.975 0.031
18 29 2.663 44.469
18 30 20.476 85.05
18 31 9.328 28.937
18 32 71.725 66.25
18 33 12.21 27.968
18 34 22.69 81.448
18 35 6.037 17.476
18 36 89.545 7.468
18 37 18.47 43.614
18 38 2.838 46.411
18 39 46.183 49.518
18 40 15.286 8.907
18 41 36.403 38.019
18 42 17.479 47.484
18 43 71.256 26.72
18 44 58.318 76.472
18 45 58.003 95.161
18 46 39.577 51.056
18 47 91.912 40.476
18 48 85.009 73.757
18 49 66.354 5.381
19 20 40.166 40.984
19 21 70.38 95.968
19 22 15.714 87.989
19 23 67.511 31.733
19 24 5.828 16.27
19 25 5.267 13.591
19 26 38.757 38.221
19 27 69.327 65.042
19 28 20.124 4.84
19 29 49.929 87.489
19 30 36.069 43.708
19 31 3.653 13.94
19 32 75.269 82.6
19 33 63.416 63.71
19 34 82.73 64.721
19 35 86.337 20.811
19 36 55.642 52.674
19 37 70.053 80.296
19 38 99.666 50.871
19 39 95.774 87.316
19 40 32.894 88.064
19 41 6.652 98.898
19 42 28.094 54.417
19 43 18.333 97.563
19 44 26.781 67.974
19 45 0.615 67.358
19 46 24.813 10.814
19 47 27.034 57.901
19 48 94.376 53.728
19 49 33.274 57.41
20 21 73.282 45.992
20 22 95.273 74.0
20 23 23.869 52.925
20 24 17.601 86.54
20 25 22.491 54.019
20 26 8.961 46.643
20 27 58.269 21.121
20 28 87.245 85.677
20 29 73.569 26.911
20 30 63.951 29.475
20 31 53.938 62.198
20 32 39.067 11.044
20 33 68.637 21.923
20 34 61.027 97.693
20 35 59.881 4.35
20 36 27.881 80.482
20 37 12.031 34.956
20 38 75.862 3.223
20 39 55.477 31.576
20 40 71.942 55.373
20 41 76.429 57.806
20 42 84.382 50.506
20 43 68.228 76.457
20 44 64.554 24.679
20 45 25.534 27.669
20 46 39.581 8.088
20 47 26.611 42.598
20 48 26.692 40.739
20 49 73.117 78.031
21 22 36.536 40.107
21 23 33.424 75.037
21 24 60.53 74.95
21 25 52.718 65.243
21 26 41.687 40.525
21 27 15.796 81.236
21 28 41.819 62.587
21 29 8.518 50.012
21 30 17.743 69.84
21 31 77.653 46.64
21 32 34.516 17.227
21 33 27.025 37.288
21 34 21.068 91.167
21 35 1.745 70.318
21 36 41.85 40.492
21 37 1.316 58.005
21 38 91.443 79.207
21 39 39.916 76.82
21 40 18.603 84.076
21 41 47.836 49.022
21 42 58.684 85.766
21 43 37.047 56.442
21 44 63.662 10.666
21 45 73.394 29.177
21 46 85.062 42.325
21 47 30.404 90.992
21 48 82.552 65.911
21 49 70.147 96.17
22 23 33.715 7.764
22 24 88.424 81.537
22 25 62.822 56.865
22 26 55.436 88.217
22 27 31.327 47.238
22 28 95.246 55.235
22 29 56.877 35.573
22 30 51.309 27.562
22 31 83.414 98.337
22 32 82.228 98.736
22 33 75.92 54.534
22 34 60.544 66.84
22 35 67.029 85.619
22 36 94.111 49.378
22 37 79.091 31.382
22 38 18.966 93.206
22 39 64.294 82.573
22 40 8.756 41.891
22 41 79.52 66.67
22 42 46.742 29.847
22 43 59.167 89.359
22 44 1.543 91.683
22 45 15.792 82.621
22 46 68.25 49.372
22 47 35.059 7.024
22 48 92.829 41.747
22 49 73.973 62.315
23 24 85.451 68.664
23 25 98.82 7.388
23 26 48.386 96.885
23 27 81.239 56.76
23 28 41.358 45.752
23 29 25.354 60.856
23 30 76.741 83.108
23 31 75.089 57.424
23 32 18.339 80.012
23 33 35.463 99.271
23 34 52.992 31.395
23 35 69.691 26.352
23 36 54.472 1.335
23 37 69.256 53.763
23 38 29.376 93.547
23 39 35.14 83.388
23 40 16.201 45.844
23 41 64.164 15.449
23 42 52.221 36.469
23 43 7.632 36.959
23 44 58.081 76.489
23 45 94.965 31.925
23 46 6.99 66.551
23 47 8.751 78.162
23 48 16.088 32.778
23 49 2.596 48.254
24 25 45.937 40.672
24 26 74.142 8.197
24 27 48.643 89.871
24 28 77.964 1.385
24 29 56.363 15.372
24 30 88.759 24.304
24 31 40.777 40.674
24 32 91.626 19.221
24 33 11.134 37.195
24 34 32.362 87.545
24 35 37.551 6.294
24 36 20.928 71.379
24 37 54.786 36.59
24 38 27.777 45.638
24 39 87.856 42.441
24 40 84.766 93.263
24 41 52.083 47.731
24 42 49.14 71.943
24 43 69.889 72.982
24 44 61.66 92.697
24 45 93.65 75.631
24 46 37.227 63.044
24 47 91.126 11.266
24 48 93.978 0.874
24 49 77.749 60.767
25 26 83.763 33.745
25 27 94.29 69.951
25 28 58.777 99.988
25 29 66.396 21.93
25 30 83.419 92.15
25 31 19.0 82.813
25 32 3.284 1.405
25 33 60.594 84.861
25 34 13.156 85.631
25 35 62.033 23.251
25 36 30.692 8.222
25 37 7.898 56.212
25 38 27.402 38.33
25 39 0.27 24.412
25 40 52.368 94.25
25 41 27.799 92.627
25 42 67.927 78.468
25 43 59.841 20.996
25 44 38.89 59.454
25 45 81.356 26.049
25 46 72.461 17.726
25 47 79.315 38.172
25 48 30.432 95.827
25 49 74.241 11.054
26 27 47.539 66.903
26 28 91.513 70.682
26 29 34.504 36.377
26 30 82.688 6.918
26 31 27.928 65.731
26 32 9.45 15.515
26 33 68.541 56.748
26 34 24.324 99.591
26 35 83.678 26.131
26 36 77.681 16.017
26 37 59.73 59.195
26 38 52.86 26.923
26 39 44.029 77.721
26 40 1.551 51.548
26 41 65.173 71.846
26 42 65.579 64.396
26 43 94.513 6.049
26 44 5.175 59.995
26 45 39.469 91.436
26 46 85.298 4.265
26 47 92.723 27.998
26 48 49.625 55.972
26 49 32.203 63.78
27 28 1.348 61.381
27 29 20.666 96.756
27 30 12.033 53.081
27 31 70.921 66.391
27 32 25.868 66.402
27 33 5.221 83.695
27 34 64.353 7.323
27 35 69.369 46.973
27 36 10.94 36.591
27 37 0.032 30.384
27 38 31.462 76.326
27 39 41.309 45.01
27 40 65.749 74.178
27 41 62.056 75.222
27 42 86.206 99.445
27 43 96.638 77.632
27 44 17.521 99.597
27 45 78.435 90.608
27 46 73.391 78.51
27 47 72.456 77.42
27 48 19.695 84.249
27 49 3.972 46.875
28 29 46.629 43.313
28 30 38.72 1.482
28 31 47.195 73.891
28 32 1.011 88.919
28 33 83.004 19.757
28 34 48.563 84.488
28 35 80.935 11.087
28 36 35.623 85.343
28 37 75.32 76.482
28 38 0.362 49.669
28 39 8.377 82.072
28 40 95.629 14.847
28 41 12.124 8.469
28 42 55.373 92.512
28 43 85.191 47.392
28 44 99.012 70.357
28 45 53.913 97.34
28 46 39.893 55.121
28 47 82.309 67.9
28 48 45.163 46.263
28 49 3.319 18.223
29 30 51.045 72.076
29 31 13.314 99.715
29 32 50.243 99.25
29 33 84.809 34.296
29 34 89.374 10.714
29 35 38.192 19.221
29 36 14.069 87.442
29 37 85.487 56.667
29 38 30.676 62.003
29 39 62.669 26.228
29 40 33.999 33.137
29 41 95.063 42.027
29 42 62.162 77.633
29 43 11.935 55.947
29 44 64.133 93.446
29 45 74.99 59.292
29 46 29.605 7.621
29 47 24.648 48.377
29 48 14.679 20.643
29 49 95.673 22.234
30 31 92.651 58.041
30 32 45.323 58.654
30 33 64.079 56.659
30 34 26.064 23.886
30 35 85.843 34.402
30 36 20.766 8.209
30 37 4.737 0.746
30 38 23.755 97.056
30 39 21.198 71.837
30 40 12.878 12.301
30 41 86.93 65.676
30 42 81.641 33.7
30 43 37.798 6.755
30 44 38.332 30.07
30 45 91.612 15.405
30 46 33.688 56.513
30 47 53.407 66.303
30 48 40.531 55.829
30 49 31.796 82.353
31 32 79.849 59.53
31 33 64.333 14.68
31 34 21.29 98.228
31 35 81.008 10.063
31 36 64.895 94.892
31 37 95.463 27.566
31 38 68.304 39.063
31 39 99.853 62.292
31 40 12.321 72.591
31 41 55.459 27.1
31 42 28.462 90.024
31 43 37.745 86.179
31 44 52.126 99.857
31 45 29.001 57.404
31 46 43.024 48.104
31 47 17.157 70.258
31 48 47.815 35.832
31 49 98.026 62.185
32 33 7.442 17.902
32 34 12.833 15.55
32 35 69.279 71.596
32 36 45.985 51.993
32 37 80.982 15.519
32 38 20.551 62.682
32 39 16.538 47.494
32 40 9.677 21.613
32 41 16.931 3.814
32 42 17.46 64.914
32 43 11.405 23.414
32 44 54.662 10.707
32 45 55.194 52.148
32 46 38.945 36.333
32 47 27.404 41.162
32 48 0.653 31.173
32 49 97.208 51.167
33 34 47.6 49.75
33 35 17.96 17.444
33 36 61.571 95.207
33 37 43.957 49.322
33 38 18.197 86.834
33 39 34.069 10.199
33 40 42.763 98.386
33 41 90.73 87.871
33 42 68.746 92.098
33 43 15.359 61.074
33 44 35.809 43.784
33 45 62.51 80.597
33 46 81.28 56.066
33 47 72.368 33.656
33 48 31.456 67.956
33 49 24.343 71.859
34 35 73.997 78.386
34 36 67.567 68.03
34 37 7.191 76.848
34 38 42.818 28.774
34 39 9.959 55.085
34 40 83.869 32.339
34 41 74.052 93.571
34 42 72.132 91.714
34 43 68.778 44.18
34 44 15.403 18.054
34 45 35.272 84.317
34 46 95.363 71.018
34 47 13.554 51.9
34 48 90.823 44.602
34 49 62.95 95.739
35 36 70.901 36.659
35 37 52.259 14.42
35 38 15.432 30.21
35 39 39.54 59.803
35 40 83.594 42.633
35 41 73.885 68.567
35 42 48.806 29.96
35 43 89.328 96.31
35 44 84.904 50.6
35 45 80.024 67.171
35 46 92.102 33.423
35 47 99.479 25.35
35 48 29.671 9.001
35 49 92.505 95.083
36 37 50.985 40.829
36 38 59.444 8.866
36 39 36.543 16.647
36 40 28.226 18.045
36 41 89.71 75.243
36 42 21.782 73.83
36 43 17.551 74.092
36 44 16.942 51.021
36 45 10.392 63.895
36 46 17.063 47.412
36 47 19.948 24.99
36 48 3.42 84.419
36 49 5.508 33.351
37 38 54.216 78.119
37 39 72.17 38.265
37 40 85.649 55.958
37 41 83.538 55.895
37 42 67.076 36.192
37 43 34.256 38.695
37 44 93.489 39.541
37 45 78.002 12.964
37 46 46.669 49.364
37 47 83.631 15.192
37 48 48.498 51.713
37 49 77.144 91.27
38 39 37.277 26.559
38 40 51.776 15.461
38 41 92.078 79.578
38 42 91.757 39.876
38 43 18.714 3.495
38 44 30.124 73.876
38 45 66.404 13.873
38 46 74.34 97.011
38 47 44.11 44.287
38 48 55.025 66.612
38 49 34.736 60.68
39 40 2.526 54.139
39 41 22.998 5.822
39 42 94.424 88.582
39 43 61.59 52.767
39 44 43.182 64.641
39 45 48.612 70.436
39 46 20.439 80.352
39 47 47.562 18.843
39 48 69.227 32.78
39 49 16.183 52.341
40 41 99.401 52.323
40 42 17.973 15.596
40 43 83.072 87.575
40 44 14.401 20.901
40 45 94.909 39.491
40 46 63.875 45.763
40 47 9.204 68.358
40 48 99.691 57.394
40 49 95.937 96.322
41 42 51.591 61.384
41 43 7.295 45.486
41 44 35.507 13.971
41 45 52.059 8.529
41 46 10.663 24.044
41 47 90.416 2.018
41 48 74.072 29.18
41 49 52.596 0.451
42 43 45.68 53.518
42 44 38.919 94.876
42 45 89.011 45.173
42 46 24.536 14.131
42 47 24.531 1.056
42 48 69.054 65.419
42 49 68.714 77.251
43 44 74.924 53.793
43 45 55.721 3.591
43 46 12.061 70.744
43 47 64.43 49.464
43 48 37.272 21.199
43 49 89.276 93.868
44 45 4.207 94.294
44 46 2.746 35.934
44 47 2.284 67.31
44 48 89.285 65.264
44 49 25.038 15.622
45 46 64.889 33.88
45 47 83.349 5.047
45 48 17.349 73.633
45 49 26.336 19.489
46 47 2.702 90.146
46 48 74.476 2.612
46 49 30.761 91.38
47 48 26.747 10.074
47 49 99.749 30.625
48 49 30.792 49.36
